[gd_resource type="Skin" format=2]

[resource]
resource_name = "Skin"
bind_count = 66
bind/0/name = ""
bind/0/bone = 0
bind/0/pose = Transform( 1, 0, 0, 0, 0.987517, -0.15751, 0, 0.15751, 0.987517, 0, -0.868822, -0.152146 )
bind/1/name = ""
bind/1/bone = 1
bind/1/pose = Transform( 1, 0, 0, 0, 0.999741, 0.0227551, 0, -0.0227551, 0.999741, 0, -1.02828, 0.0334281 )
bind/2/name = ""
bind/2/bone = 2
bind/2/pose = Transform( 1, 0, 0, 0, 0.997501, -0.070648, 0, 0.0706481, 0.997501, 0, -1.10246, -0.0697668 )
bind/3/name = ""
bind/3/bone = 3
bind/3/pose = Transform( 1, 0, 0, 0, 0.99088, 0.13475, 0, -0.13475, 0.99088, 0, -1.2356, 0.186756 )
bind/4/name = ""
bind/4/bone = 4
bind/4/pose = Transform( -0.856354, -0.0772105, 0.510584, 0.516389, -0.12804, 0.846728, -1.2517e-06, 0.988759, 0.149518, 0.105948, 0.175696, -1.23268 )
bind/5/name = ""
bind/5/bone = 5
bind/5/pose = Transform( -0.856354, 0.0772105, -0.510584, -0.516389, -0.12804, 0.846728, 1.2517e-06, 0.988759, 0.149518, -0.105948, 0.175696, -1.23268 )
bind/6/name = ""
bind/6/bone = 6
bind/6/pose = Transform( 1, 0, 0, 0, 0.932952, 0.360001, 0, -0.360001, 0.932952, 0, -1.33145, 0.508065 )
bind/7/name = ""
bind/7/bone = 7
bind/7/pose = Transform( 1, 0, 0, 0, 0.998928, -0.0462869, 0, 0.0462869, 0.998928, 0, -1.5227, -0.11502 )
bind/8/name = ""
bind/8/bone = 8
bind/8/pose = Transform( 1, 0, 0, 0, -0.619783, 0.784773, 0, -0.784773, -0.619782, 0, 0.905428, 1.23817 )
bind/9/name = ""
bind/9/bone = 9
bind/9/pose = Transform( -1, -1.49785e-07, 1.90846e-08, -8.88178e-15, 0.126391, 0.99198, -1.50996e-07, 0.99198, -0.126392, 2.23151e-07, -0.258216, -1.47787 )
bind/10/name = ""
bind/10/bone = 10
bind/10/pose = Transform( -1, -8.73143e-08, -8.23215e-10, -1.15463e-14, -0.00942796, 0.999955, -8.73182e-08, 0.999955, 0.00942772, 1.31258e-07, -0.0841975, -1.50321 )
bind/11/name = ""
bind/11/bone = 11
bind/11/pose = Transform( -1, -7.65921e-08, -4.21473e-08, 3.55271e-15, -0.482108, 0.876112, -8.74228e-08, 0.876111, 0.482108, 1.20056e-07, 0.620196, -1.37328 )
bind/12/name = ""
bind/12/bone = 12
bind/12/pose = Transform( -0.998812, -0.00535124, 0.0484409, 0.0469512, -0.372152, 0.926984, 0.0130668, 0.928157, 0.37196, 0.0316242, 0.471053, -1.49736 )
bind/13/name = ""
bind/13/bone = 13
bind/13/pose = Transform( -0.998812, 0.00535124, -0.0484409, -0.0469512, -0.372152, 0.926984, -0.0130668, 0.928157, 0.37196, -0.0316242, 0.471053, -1.49736 )
bind/14/name = ""
bind/14/bone = 14
bind/14/pose = Transform( -0.998812, -0.00535173, 0.0484415, 0.0457672, 0.238622, 0.970034, -0.0167506, 0.971098, -0.238093, 0.031625, -0.490045, -1.49126 )
bind/15/name = ""
bind/15/bone = 15
bind/15/pose = Transform( -0.998812, 0.00535173, -0.0484415, -0.0457672, 0.238622, 0.970034, 0.0167506, 0.971098, -0.238093, -0.031625, -0.490045, -1.49126 )
bind/16/name = ""
bind/16/bone = 16
bind/16/pose = Transform( -0.998921, -0.00517353, 0.0461503, 0.046412, -0.0771245, 0.995941, -0.00159321, 0.997008, 0.0772813, 0.0316213, 0.00108434, -1.56971 )
bind/17/name = ""
bind/17/bone = 17
bind/17/pose = Transform( -0.998921, 0.00517353, -0.0461503, -0.046412, -0.0771245, 0.995941, 0.00159321, 0.997008, 0.0772813, -0.0316213, 0.00108434, -1.56971 )
bind/18/name = ""
bind/18/bone = 18
bind/18/pose = Transform( -0.149748, -0.986573, 0.0651945, 0.988363, -0.15115, -0.0171101, 0.0267345, 0.0618736, 0.997726, 1.33735, 0.182372, -0.106429 )
bind/19/name = ""
bind/19/bone = 19
bind/19/pose = Transform( -0.744994, -0.665593, 0.0443794, 0.666409, -0.745569, 0.00507669, 0.0297089, 0.033357, 0.999002, 1.0122, 0.878397, -0.069009 )
bind/20/name = ""
bind/20/bone = 20
bind/20/pose = Transform( -0.741363, -0.669651, 0.0441442, 0.510979, -0.520609, 0.684008, -0.435065, 0.529655, 0.728137, 1.01566, 0.413344, -0.478434 )
bind/21/name = ""
bind/21/bone = 21
bind/21/pose = Transform( -0.120838, -0.85427, -0.505589, 0.43016, -0.50408, 0.74891, -0.894629, -0.126987, 0.428385, 1.02324, 0.181363, 0.458938 )
bind/22/name = ""
bind/22/bone = 22
bind/22/pose = Transform( 0.703543, 0.0247911, 0.71022, -0.676797, -0.281419, 0.680257, 0.216734, -0.959265, -0.181212, -0.509564, 0.439691, 0.917213 )
bind/23/name = ""
bind/23/bone = 23
bind/23/pose = Transform( 0.903419, 0.116423, 0.412648, -0.341811, -0.385451, 0.857083, 0.25884, -0.915354, -0.30843, -0.614665, 0.323109, 0.886429 )
bind/24/name = ""
bind/24/bone = 24
bind/24/pose = Transform( 0.92414, 0.141774, 0.354775, -0.19668, -0.619559, 0.75991, 0.32754, -0.77204, -0.544676, -0.632355, 0.485102, 0.781383 )
bind/25/name = ""
bind/25/bone = 25
bind/25/pose = Transform( 0.741889, -0.479484, -0.468717, 0.129721, -0.583191, 0.801911, -0.657855, -0.655731, -0.370464, 0.24333, 0.286121, 1.06669 )
bind/26/name = ""
bind/26/bone = 26
bind/26/pose = Transform( 0.746352, -0.484065, -0.456771, -0.0242505, -0.705628, 0.708167, -0.665109, -0.517465, -0.538386, 0.241995, 0.481881, 0.986887 )
bind/27/name = ""
bind/27/bone = 27
bind/27/pose = Transform( 0.74349, -0.511107, -0.431268, -0.135281, -0.746504, 0.651483, -0.654921, -0.426029, -0.624162, 0.261032, 0.569606, 0.922123 )
bind/28/name = ""
bind/28/bone = 28
bind/28/pose = Transform( 0.571748, -0.403926, -0.714107, 0.21387, -0.766932, 0.605041, -0.792063, -0.498657, -0.352104, 0.293512, 0.480014, 0.973263 )
bind/29/name = ""
bind/29/bone = 29
bind/29/pose = Transform( 0.585431, -0.459245, -0.668106, 0.0965327, -0.778737, 0.619878, -0.804955, -0.42739, -0.411565, 0.325904, 0.512567, 0.929187 )
bind/30/name = ""
bind/30/bone = 30
bind/30/pose = Transform( 0.584903, -0.449668, -0.675046, -0.00645263, -0.83481, 0.5505, -0.811078, -0.317633, -0.491184, 0.319401, 0.609981, 0.854718 )
bind/31/name = ""
bind/31/bone = 31
bind/31/pose = Transform( 0.263689, -0.279668, -0.923176, 0.27707, -0.894759, 0.350199, -0.923959, -0.348128, -0.158451, 0.340827, 0.635032, 0.83915 )
bind/32/name = ""
bind/32/bone = 32
bind/32/pose = Transform( 0.275116, -0.324108, -0.905133, 0.11071, -0.92452, 0.364701, -0.955015, -0.200542, -0.218468, 0.372356, 0.723864, 0.73092 )
bind/33/name = ""
bind/33/bone = 33
bind/33/pose = Transform( 0.272369, -0.303088, -0.91321, 0.13361, -0.927984, 0.347841, -0.952871, -0.216756, -0.212258, 0.356321, 0.703542, 0.743271 )
bind/34/name = ""
bind/34/bone = 34
bind/34/pose = Transform( 0.469557, -0.299532, -0.83054, 0.313209, -0.823, 0.47389, -0.82548, -0.482651, -0.292629, 0.253537, 0.518593, 0.956376 )
bind/35/name = ""
bind/35/bone = 35
bind/35/pose = Transform( 0.492253, -0.370707, -0.787568, 0.171349, -0.845809, 0.50522, -0.85342, -0.383645, -0.352832, 0.297555, 0.575444, 0.893375 )
bind/36/name = ""
bind/36/bone = 36
bind/36/pose = Transform( 0.485661, -0.32765, -0.810419, 0.0922798, -0.902699, 0.420259, -0.869263, -0.278889, -0.40817, 0.267644, 0.667077, 0.820422 )
bind/37/name = ""
bind/37/bone = 37
bind/37/pose = Transform( -0.149748, 0.986573, -0.0651945, -0.988363, -0.15115, -0.0171101, -0.0267345, 0.0618736, 0.997726, -1.33735, 0.182372, -0.106429 )
bind/38/name = ""
bind/38/bone = 38
bind/38/pose = Transform( -0.744994, 0.665593, -0.0443794, -0.666409, -0.745569, 0.00507669, -0.0297089, 0.033357, 0.999002, -1.0122, 0.878397, -0.069009 )
bind/39/name = ""
bind/39/bone = 39
bind/39/pose = Transform( -0.741363, 0.669651, -0.0441442, -0.510979, -0.520609, 0.684008, 0.435065, 0.529655, 0.728137, -1.01566, 0.413344, -0.478434 )
bind/40/name = ""
bind/40/bone = 40
bind/40/pose = Transform( -0.120838, 0.85427, 0.505589, -0.43016, -0.50408, 0.74891, 0.894629, -0.126987, 0.428385, -1.02324, 0.181363, 0.458938 )
bind/41/name = ""
bind/41/bone = 41
bind/41/pose = Transform( 0.703543, -0.0247911, -0.71022, 0.676797, -0.281419, 0.680257, -0.216734, -0.959265, -0.181212, 0.509564, 0.439691, 0.917213 )
bind/42/name = ""
bind/42/bone = 42
bind/42/pose = Transform( 0.903419, -0.116423, -0.412648, 0.341811, -0.385451, 0.857083, -0.25884, -0.915354, -0.30843, 0.614665, 0.323109, 0.886429 )
bind/43/name = ""
bind/43/bone = 43
bind/43/pose = Transform( 0.92414, -0.141774, -0.354775, 0.19668, -0.619559, 0.75991, -0.32754, -0.77204, -0.544676, 0.632355, 0.485102, 0.781383 )
bind/44/name = ""
bind/44/bone = 44
bind/44/pose = Transform( 0.741889, 0.479484, 0.468717, -0.129721, -0.583191, 0.801911, 0.657855, -0.655731, -0.370464, -0.24333, 0.286121, 1.06669 )
bind/45/name = ""
bind/45/bone = 45
bind/45/pose = Transform( 0.746352, 0.484065, 0.456771, 0.0242505, -0.705628, 0.708167, 0.665109, -0.517465, -0.538386, -0.241995, 0.481881, 0.986887 )
bind/46/name = ""
bind/46/bone = 46
bind/46/pose = Transform( 0.74349, 0.511107, 0.431268, 0.135281, -0.746504, 0.651483, 0.654921, -0.426029, -0.624162, -0.261032, 0.569606, 0.922123 )
bind/47/name = ""
bind/47/bone = 47
bind/47/pose = Transform( 0.571748, 0.403926, 0.714107, -0.21387, -0.766932, 0.605041, 0.792063, -0.498657, -0.352104, -0.293512, 0.480014, 0.973263 )
bind/48/name = ""
bind/48/bone = 48
bind/48/pose = Transform( 0.585431, 0.459245, 0.668106, -0.0965327, -0.778737, 0.619878, 0.804955, -0.42739, -0.411565, -0.325904, 0.512567, 0.929187 )
bind/49/name = ""
bind/49/bone = 49
bind/49/pose = Transform( 0.584903, 0.449668, 0.675046, 0.00645263, -0.83481, 0.5505, 0.811078, -0.317633, -0.491184, -0.319401, 0.609981, 0.854718 )
bind/50/name = ""
bind/50/bone = 50
bind/50/pose = Transform( 0.263689, 0.279668, 0.923176, -0.27707, -0.894759, 0.350199, 0.923959, -0.348128, -0.158451, -0.340827, 0.635032, 0.83915 )
bind/51/name = ""
bind/51/bone = 51
bind/51/pose = Transform( 0.275116, 0.324108, 0.905133, -0.11071, -0.92452, 0.364701, 0.955015, -0.200542, -0.218468, -0.372356, 0.723864, 0.73092 )
bind/52/name = ""
bind/52/bone = 52
bind/52/pose = Transform( 0.272369, 0.303088, 0.91321, -0.13361, -0.927984, 0.347841, 0.952871, -0.216756, -0.212258, -0.356321, 0.703542, 0.743271 )
bind/53/name = ""
bind/53/bone = 53
bind/53/pose = Transform( 0.469557, 0.299532, 0.83054, -0.313209, -0.823, 0.47389, 0.82548, -0.482651, -0.292629, -0.253537, 0.518593, 0.956376 )
bind/54/name = ""
bind/54/bone = 54
bind/54/pose = Transform( 0.492253, 0.370707, 0.787568, -0.171349, -0.845809, 0.50522, 0.85342, -0.383645, -0.352832, -0.297555, 0.575444, 0.893375 )
bind/55/name = ""
bind/55/bone = 55
bind/55/pose = Transform( 0.485661, 0.32765, 0.810419, -0.0922798, -0.902699, 0.420259, 0.869263, -0.278889, -0.40817, -0.267644, 0.667077, 0.820422 )
bind/56/name = ""
bind/56/bone = 56
bind/56/pose = Transform( 0.891836, 0.0559854, -0.448873, 0.10326, -0.991308, 0.0815199, -0.440404, -0.119053, -0.889869, -0.137519, 0.855065, 0.153421 )
bind/57/name = ""
bind/57/bone = 57
bind/57/pose = Transform( 0.917236, -0.155517, -0.366723, -0.396454, -0.267129, -0.878329, 0.0386312, 0.951029, -0.306677, 0.0442418, 0.278242, -0.833193 )
bind/58/name = ""
bind/58/bone = 58
bind/58/pose = Transform( 0.995614, 0.0934715, 0.0023913, 0.0934969, -0.994919, -0.0373299, -0.00110865, 0.0373902, -0.9993, -0.18727, 0.463574, 0.0198856 )
bind/59/name = ""
bind/59/bone = 59
bind/59/pose = Transform( 0.991009, 0.116817, -0.0651464, 0.0998484, -0.322051, 0.941442, 0.0889976, -0.939487, -0.330821, -0.186574, -0.0165315, 0.0571786 )
bind/60/name = ""
bind/60/bone = 60
bind/60/pose = Transform( 0.994906, 0.100091, -0.0116034, 0.0366437, -0.252151, 0.966994, 0.0938629, -0.962497, -0.254535, -0.195159, -0.149863, 0.0450536 )
bind/61/name = ""
bind/61/bone = 61
bind/61/pose = Transform( 0.891836, -0.0559854, 0.448873, -0.10326, -0.991308, 0.0815199, 0.440404, -0.119053, -0.889869, 0.137519, 0.855065, 0.153421 )
bind/62/name = ""
bind/62/bone = 62
bind/62/pose = Transform( 0.917236, 0.155517, 0.366723, 0.396454, -0.267129, -0.878329, -0.0386312, 0.951029, -0.306677, -0.0442418, 0.278242, -0.833193 )
bind/63/name = ""
bind/63/bone = 63
bind/63/pose = Transform( 0.995614, -0.0934715, -0.0023913, -0.0934969, -0.994919, -0.0373299, 0.00110865, 0.0373902, -0.9993, 0.18727, 0.463574, 0.0198856 )
bind/64/name = ""
bind/64/bone = 64
bind/64/pose = Transform( 0.991009, -0.116817, 0.0651464, -0.0998484, -0.322051, 0.941442, -0.0889976, -0.939487, -0.330821, 0.186574, -0.0165315, 0.0571786 )
bind/65/name = ""
bind/65/bone = 65
bind/65/pose = Transform( 0.994906, -0.100091, 0.0116034, -0.0366437, -0.252151, 0.966994, -0.0938629, -0.962497, -0.254535, 0.195159, -0.149863, 0.0450536 )
